316.7989 434.8057
258.6298 401.2213
316.7989 367.6369
374.9680 401.2213
374.9680 468.3901
316.7989 501.9744
258.6298 468.3901
188.8339 468.3901
224.1768 528.3177
281.9010 562.4156
351.6968 562.4156
409.8659 528.8313
444.7638 468.3901
444.7638 401.2213
409.8659 340.7801
351.6968 307.1957
281.9010 307.1957
223.7318 273.6114
223.7318 340.7801
188.8339 401.2213
409.8659 273.6114
223.7318 596.0000
130.6648 434.8057
502.9330 434.8057
409.8659 596.0000
130.6648 757.1943
223.7318 918.3886
409.8659 918.3886
502.9330 1079.5830
689.0670 1079.5830
782.1341 918.3886
968.2682 918.3886
1061.3352 757.1943
502.9330 112.4170
689.0670 112.4170
782.1341 273.6114
968.2682 273.6114
1061.3352 434.8057
968.2682 596.0000
875.2011 757.1943
689.0670 757.1943
596.0000 918.3886
502.9330 757.1943
316.7989 757.1943
596.0000 596.0000
782.1341 596.0000
596.0000 273.6114
875.2011 434.8057
689.0670 434.8057
502.9330 179.5858
537.8309 240.0270
468.0350 240.0270
689.0670 179.5858
723.9650 240.0270
654.1691 240.0270
630.8979 146.0014
561.1021 146.0014
596.0000 206.4426
723.9650 307.1957
654.1691 307.1957
689.0670 367.6369
537.8309 307.1957
468.0350 307.1957
502.9330 367.6369
596.0000 340.7801
630.8979 401.2213
561.1021 401.2213
782.1341 340.7801
817.0320 401.2213
747.2362 401.2213
968.2682 340.7801
1003.1661 401.2213
933.3702 401.2213
910.0990 307.1957
840.3032 307.1957
875.2011 367.6369
1003.1661 468.3901
933.3702 468.3901
968.2682 528.8313
817.0320 468.3901
747.2362 468.3901
782.1341 528.8313
875.2011 501.9744
910.0990 562.4156
840.3032 562.4156
782.1341 663.1687
817.0320 723.6099
747.2362 723.6099
968.2682 663.1687
1003.1661 723.6099
933.3702 723.6099
910.0990 629.5844
840.3032 629.5844
875.2011 690.0256
1003.1661 790.7787
933.3702 790.7787
968.2682 851.2199
817.0320 790.7787
747.2362 790.7787
782.1341 851.2199
875.2011 824.3631
910.0990 884.8043
840.3032 884.8043
502.9330 501.9744
537.8309 562.4156
468.0350 562.4156
689.0670 501.9744
723.9650 562.4156
654.1691 562.4156
630.8979 468.3901
561.1021 468.3901
596.0000 528.8313
723.9650 629.5844
654.1691 629.5844
689.0670 690.0256
537.8309 629.5844
468.0350 629.5844
502.9330 690.0256
596.0000 663.1687
630.8979 723.6099
561.1021 723.6099
223.7318 663.1687
258.6298 723.6099
188.8339 723.6099
409.8659 663.1687
444.7638 723.6099
374.9680 723.6099
351.6968 629.5844
281.9010 629.5844
316.7989 690.0256
444.7638 790.7787
374.9680 790.7787
409.8659 851.2199
258.6298 790.7787
188.8339 790.7787
223.7318 851.2199
316.7989 824.3631
351.6968 884.8043
281.9010 884.8043
502.9330 824.3631
537.8309 884.8043
468.0350 884.8043
689.0670 824.3631
723.9650 884.8043
654.1691 884.8043
630.8979 790.7787
561.1021 790.7787
596.0000 851.2199
723.9650 951.9730
654.1691 951.9730
689.0670 1012.4142
537.8309 951.9730
468.0350 951.9730
502.9330 1012.4142
596.0000 985.5574
630.8979 1045.9986
561.1021 1045.9986
